Experiment 3: Model Architecture Variants
Experiment 3a: Number of Attention Heads:
2 Attention Heads:
[(3.9720864789439485, 2.0323608788576992), (1.9376913671950242, 1.2123111796069455), (1.380467280600365, 1.0134888411342324), (1.1253214562190819, 0.939887201631224), (0.9763391996165375, 0.8606294401280292), (0.8745804055557622, 0.8330639728478023), (0.8044942819162623, 0.8004975032496762), (0.7523144815213881, 0.7878593810192951), (0.709962599947081, 0.7553868649841903), (0.675175600044139, 0.7580931279566381)]
BLEU: 0.45499651718378253
4 Attention Heads:
[(4.0086149037271355, 2.0621882824154643), (1.904789003942694, 1.2191685685863742), (1.3245427248056059, 0.9894439307126132), (1.0721290615181645, 0.9056961149364323), (0.9272372474918118, 0.8679934174983532), (0.8316671131299688, 0.8185549308727313), (0.7651359207154095, 0.8100540630229107), (0.7147181045699429, 0.7748006427442873), (0.6754950659422131, 0.7751992348726694), (0.6420133398579699, 0.7509110399654934)]
BLEU: 0.457626679860171
8 Attention Heads:
[(4.167678486991238, 2.302512968515421), (2.0706782491950246, 1.337687933599794), (1.4021990042324963, 1.041119310375932), (1.1059651225805283, 0.926497508953144), (0.9360727308826013, 0.859968479190554), (0.8315394933928143, 0.8308304509559234), (0.7568298012695529, 0.8146628683263605), (0.7045796423811804, 0.7872381183234128), (0.6636826202224988, 0.7764333138218174), (0.630739602804571, 0.7799843015608849)]
BLEU: 0.45404399395158723
Experiment 3b: Encoder/Decoder Depth:
1 Encoding/Decoding layers:
[(3.919090868977757, 2.2247742220952915), (2.1522640998100306, 1.4625199011393957), (1.5993656203537792, 1.2087036437028413), (1.3062442832372405, 1.077754484368609), (1.119210857801236, 1.014487166296352), (0.9889151984220975, 0.9503481093939249), (0.8996661386222808, 0.9289865617628221), (0.830646690077983, 0.8884237335099803), (0.7763902514979437, 0.890900047955575), (0.7334691455176512, 0.8372941678994662)]
BLEU: 0.4632341653889445
2 Encoding/Decoding layers:
[(3.897891865535216, 2.0996361328409865), (1.9959004562009464, 1.3011356123856135), (1.4418206900938766, 1.094860402020541), (1.1780493422955662, 0.9637620712255502), (1.0156467212968832, 0.9156891184967834), (0.9043034711344675, 0.8469078355021291), (0.8293259657629124, 0.8264870256572575), (0.772925188305316, 0.8337961508856191), (0.7253397253233117, 0.7930247725604417), (0.6874237739323795, 0.7720610034930242)]
BLEU: 0.4528259867431994
4 Encoding/Decoding layers:
[(3.9955542193991795, 2.030802955875149), (1.9418746404253042, 1.2262462207249232), (1.3774692512951887, 0.9894457064665757), (1.1238139577500232, 0.9081435900229913), (0.9726001641096232, 0.8698435785708489), (0.8712405074242647, 0.8062686598920202), (0.7984234625352667, 0.7816982555699039), (0.7456565542364275, 0.7815262946215543), (0.704118344497371, 0.7513995871141359), (0.6696921258003681, 0.7452438229864294)]
BLEU: 0.45694895421572707
